6.1
2715,32 kWh

6.2
26.05.2022
6 dni

6.3
godziny nasłonecznienia	średnia z produkcji	średnia z pobrania	średnia z oddania
7	2,88516129	4,924516129	1,086774194
8	3,848085106	3,385319149	1,653191489
9	5,400606061	3,103333333	2,559090909
10	6,936666667	2,818	3,020333333
11	7,154	2,626333333	3,481666667
12	11,32266667	2,658333333	5,400666667
13	12,23225806	2,497419355	6,347419355
14	10,97548387	2,507741935	5,513548387
15	13,20810811	2,444594595	6,69972973
16	12,59261538	2,792461538	6,740615385

6.4
a) 71
b) 67