5.1
12,5

5.2
czujnik1
287
czujnik2
288
czujnik3
283
czujnik4
284
czujnik5
284
czujnik6
287
czujnik7
286
czujnik8
288
czujnik9
285
czujnik10
286

5.3
styczeń		0,91
luty		0,42
marzec		0,33
kwiecień	0,49
maj		0,33
czerwiec	0,27
lipiec		0,33
sierpień	0,27
wrzesień	0,42
październik	0,33
listopad	0,37
grudzień	0,71

5.4
Większa liczba pomiarów mieści się w przedziale (-10,15>, a jego liczba
to: 1150

5.5
5-05-2017 po zastosowaniu wniosku I i II:
13,02	10,05	15,35	10,94
7-07-2017 po zastosowaniu wniosku I i II:
23,42	19,39	26,67	20,7
5-05-2017 po zastosowaniu wniosku I, II i III:
13,92	10,95	16,25	11,84
7-07-2017 po zastosowaniu wniosku I, II i III:
23,42	19,39	26,67	20,7


czujnik1	czujnik2	czujnik8	czujnik9	data	godzina
-0,59		-6,18	-1,6	0,51	05.01.2016	11:11:00
-5,7		1,36	3,31	-6,6	08.01.2016	07:00:00
2,59		-7,29	-4,77	-3,88	18.01.2016	10:12:00
7,76		-7,18	-2,84	-1,31	20.01.2016	00:08:00
7,12		5,13	0,87	-5,21	21.01.2016	10:02:00
4,11		0,85	1,5	-3,41	22.01.2016	03:11:00
-5,38		5,93	-6,59	-7,28	30.01.2016	01:06:00
2,01		-8,23	7,78	1,28	05.02.2016	03:02:00
0,74		0,52	-7,12	0,92	06.02.2016	02:06:00
7,61	-2,86	8,32	-7,82	06.02.2016	05:04:00
2,8	-7,92	2,88	1,38	09.02.2016	08:03:00
-5,79	4,54	-6,54	-3,63	10.02.2016	06:07:00
-7,02	4,24	4,29	-8,49	10.02.2016	08:07:00
8,26	8,5	5,46	-4,66	13.02.2016	00:02:00
7,43	7,88	-4,85	-4,21	15.02.2016	04:06:00
-7,37	2,31	-4,58	-6,18	15.02.2016	07:02:00
7,78	1,59	-6,56	-6,35	18.02.2016	04:06:00
-5,59	1,44	0,74	1,7	18.02.2016	07:00:00
-5,61	-2,42	2,27	1,38	18.02.2016	11:05:00
8,91	-0,83	2,9	-2,01	20.02.2016	05:03:00
6,18	6,14	4,64	-2,96	21.02.2016	11:07:00
-3,2	-4,18	-3,65	-4,1	24.02.2016	04:06:00
6,8	-2,64	7,18	7,33	01.03.2016	00:00:00
-3,15	-1,58	-2,67	6,36	02.03.2016	04:03:00
-4,39	-3,86	-2,7	5,24	04.03.2016	07:00:00
-0,13	3,29	-0,82	0,43	06.03.2016	08:09:00
-5,52	-5,5	1,75	1,37	07.03.2016	11:03:00
7,74	-9,18	-3,33	2,19	10.03.2016	12:04:00
-2,84	-3,79	-5,8	-7,56	12.03.2016	05:08:00
-2,01	0,62	7,96	4,51	15.03.2016	03:02:00
1,44	-7,21	-6,89	-3,19	18.03.2016	00:12:00
0,98	7,64	5,65	5,1	21.03.2016	03:01:00
5,83	7,18	-4,8	2,92	22.03.2016	12:10:00
-5,39	-7,41	-2,19	4,61	23.03.2016	04:03:00
7,98	4,61	3,23	-7,13	23.03.2016	06:02:00
2,92	0,43	6,34	-5,17	25.03.2016	03:07:00
5,68	-5,18	-6,24	-5,52	26.03.2016	08:08:00
-3,88	-5,21	6,75	-0,73	26.03.2016	09:05:00
-4,48	-2,05	-2,26	0,23	27.03.2016	05:08:00
-3,04	-1,24	5,8	-7,14	28.03.2016	04:08:00
-2,12	-6,19	-5,75	3,63	29.03.2016	07:09:00
8,87	11,64	13,07	13,19	08.04.2016	05:05:00
12,94	14,13	11,66	11,8	10.04.2016	09:08:00
11,6	13,95	15,38	15,98	12.04.2016	01:05:00
14,13	13,61	12,05	11,87	15.04.2016	10:04:00
10,88	12,02	13,91	13,86	18.04.2016	07:05:00
15,28	13,58	14,58	13,66	19.04.2016	00:03:00
11,09	15,36	13,94	15,76	20.04.2016	09:09:00
10,38	13,04	13,52	15,54	20.04.2016	11:01:00
15,66	10,97	12,18	12,63	24.04.2016	06:06:00
11,94	13,57	15,81	14	25.04.2016	02:01:00
14,53	13,21	12,75	10,43	25.04.2016	02:02:00
10,98	10,53	12,45	12,96	27.04.2016	10:07:00
12,88	11,25	15,32	12,4	29.04.2016	08:00:00
12,64	13,69	13,48	14,53	02.05.2016	10:04:00
14,15	15,87	11,78	13,85	03.05.2016	08:03:00
10,36	10,29	15,42	11,35	05.05.2016	07:05:00
12,1	11,55	12,25	13,34	05.05.2016	10:07:00
13,92	10,95	16,25	11,84	05.05.2016	11:10:00
14,53	9,71	16,71	10,9	06.05.2016	10:06:00
13,32	13,27	12,02	10,51	08.05.2016	03:06:00
11,95	14,59	14,81	15,26	08.05.2016	05:05:00
15,52	14,03	16,63	15,14	09.05.2016	05:05:00
12,17	13,71	15,49	10,28	10.05.2016	08:04:00
16,7	14,01	15,92	13,11	11.05.2016	07:00:00
12	11,61	16,17	13,9	12.05.2016	05:06:00
12,58	12,37	16,21	13,05	14.05.2016	06:04:00
11,41	15,88	12,84	16,22	15.05.2016	05:12:00
16,77	14,55	13,16	11,59	18.05.2016	10:07:00
10,97	15,43	14,02	15,55	21.05.2016	04:01:00
14,82	11,76	13,73	13,15	22.05.2016	07:08:00
16,48	14,23	13,78	12,83	27.05.2016	09:08:00
15,56	13,36	16,22	14,52	28.05.2016	02:09:00
19,51	12,69	12,24	13,03	02.06.2016	10:05:00
8,84	8,99	11,85	11,12	05.06.2016	02:03:00
9,92	14,57	17,15	18,21	08.06.2016	03:02:00
13,35	13,96	18,78	14,32	09.06.2016	01:05:00
17,7	15,76	14,12	15,27	11.06.2016	04:08:00
13,13	12,12	14,87	11,94	11.06.2016	10:03:00
10,39	13,61	14,26	10,45	13.06.2016	04:09:00
13,07	17,61	18,54	11,92	13.06.2016	11:00:00
17,18	18,51	18,01	14,9	15.06.2016	06:09:00
11,02	16,95	13,26	12,17	15.06.2016	11:04:00
12,05	13,7	14,74	15,42	16.06.2016	02:09:00
13,82	17,8	17,32	18,63	19.06.2016	09:03:00
19,01	13,1	17,54	11,08	19.06.2016	11:10:00
17,27	13,06	14,88	15,12	20.06.2016	00:03:00
14,93	18,36	11,2	10,56	21.06.2016	04:05:00
15,51	16,44	17,8	14,59	24.06.2016	07:10:00
12,83	14,61	12,58	12,47	24.06.2016	09:04:00
16,3	10,32	10,66	10,1	25.06.2016	06:05:00
16,03	12,49	18,04	14,52	26.06.2016	02:02:00
19,47	19,76	15,06	15,39	26.06.2016	04:03:00
14,55	11,62	10,38	18,15	26.06.2016	08:12:00
11,26	11,81	11,68	14,08	27.06.2016	08:03:00
10,77	10,91	16,08	12,3	28.06.2016	12:09:00
15,43	17,52	10,31	11,07	30.06.2016	01:06:00
22,57	24,93	26	22,91	02.07.2016	05:11:00
21,12	24,03	24,42	21,55	03.07.2016	00:06:00
21,09	20,96	25,65	22,81	05.07.2016	02:05:00
19,3	20,63	22,36	22,86	06.07.2016	01:08:00
19,42	19,03	21,56	22,32	06.07.2016	11:03:00
23,42	19,39	26,67	20,7	07.07.2016	00:04:00
22,33	21,27	21,98	22,88	07.07.2016	00:08:00
22,6	19,58	22,61	21,9	07.07.2016	01:05:00
19,84	21,25	22,59	22,15	07.07.2016	11:11:00
22,29	21,35	23,82	23,27	10.07.2016	10:07:00
20,99	21,37	21,93	21,65	14.07.2016	01:00:00
20,18	24,07	25,25	23,16	16.07.2016	09:08:00
24,46	23,9	26,5	24,75	17.07.2016	01:07:00
20,62	21,57	23,43	22,89	20.07.2016	01:05:00
24,97	23,55	23,93	22,57	20.07.2016	01:07:00
24,04	21,89	22,86	20,45	21.07.2016	04:02:00
20,96	22,03	21,48	20,18	22.07.2016	06:02:00
23,01	24,6	23,11	21,42	25.07.2016	04:11:00
22,46	24,11	23,03	21,19	30.07.2016	00:03:00
21,46	20,81	23,42	21,04	01.08.2016	02:12:00
24,3	21,17	23,42	23,96	03.08.2016	04:06:00
19,59	18,95	21,59	19,05	05.08.2016	10:06:00
23,33	19,03	23,78	22,44	06.08.2016	09:11:00
21,73	20,63	25,9	23,05	08.08.2016	02:08:00
22,41	21,11	21,71	23,64	09.08.2016	10:08:00
21,99	21,03	25,08	23,35	12.08.2016	02:04:00
21,25	22,63	22,28	22,24	12.08.2016	03:03:00
22,19	23,63	26,23	21,28	14.08.2016	01:03:00
22,74	20,72	26,34	20,96	17.08.2016	10:01:00
24,25	21,83	23,72	22,32	19.08.2016	05:08:00
22,33	20	23,59	21,31	19.08.2016	07:09:00
20,89	20,28	23,11	23	19.08.2016	10:09:00
21,25	22,01	26,02	20,89	21.08.2016	00:05:00
23,52	21,62	21,96	23,51	21.08.2016	03:05:00
20,11	23,11	26,63	20,12	23.08.2016	11:11:00
22,99	21,77	24,63	24,59	24.08.2016	01:08:00
22,09	22,11	23,16	24,9	24.08.2016	06:03:00
22,15	20,68	22,55	22,52	25.08.2016	11:06:00
20,15	21,69	24,77	21,8	27.08.2016	00:09:00
21,66	23,29	25,09	23,36	27.08.2016	04:01:00
20,57	21,99	21,96	22,69	28.08.2016	10:09:00
21,59	23,58	21,83	20,39	29.08.2016	00:11:00
20,93	20,24	22,41	21,69	29.08.2016	05:10:00
16,41	15,29	15,18	12,67	03.09.2016	08:04:00
16,52	12,24	17,58	14,73	03.09.2016	08:10:00
13,93	15,26	14,27	12,07	04.09.2016	11:09:00
9,04	16,81	17,36	15,57	06.09.2016	08:02:00
16,36	13,62	18,66	12,91	06.09.2016	10:08:00
13,59	11,82	13,05	13,95	13.09.2016	10:09:00
12,35	18,39	19,9	10,16	14.09.2016	04:01:00
14,18	18,43	13,4	15,05	15.09.2016	06:07:00
14,63	10,26	15,2	16,13	18.09.2016	07:09:00
19,21	19,71	13,23	16,34	21.09.2016	03:06:00
15,89	17,95	19,4	12,84	22.09.2016	08:06:00
18,32	19,73	18,35	12,69	22.09.2016	10:06:00
13,6	12,67	19,49	13,76	23.09.2016	10:10:00
10,2	14,87	13,01	17,21	26.09.2016	01:06:00
18,23	10,62	17,5	12,26	28.09.2016	09:03:00
10,99	19,11	19,72	15,04	02.10.2016	08:08:00
16,5	18,18	13,64	10,43	04.10.2016	02:02:00
14,76	10,74	12,57	19,2	04.10.2016	10:05:00
17,95	14,15	15,96	10,07	07.10.2016	04:05:00
13,32	14,16	11,83	14,06	10.10.2016	07:01:00
14,04	12,39	19,96	19,99	11.10.2016	01:11:00
15,75	18,39	14,66	19,1	11.10.2016	02:02:00
14,16	19,99	18,84	10,7	11.10.2016	06:09:00
17,32	10,03	18,42	14,05	12.10.2016	04:01:00
17,7	12,05	16,41	18,29	14.10.2016	00:05:00
11,01	14,84	12,88	14,01	17.10.2016	05:06:00
11,11	16,35	13,25	10,69	21.10.2016	05:08:00
13,09	15,83	13,54	11,35	23.10.2016	04:05:00
13,13	12,77	18,67	14,56	23.10.2016	07:09:00
12,13	13,07	17,98	18,2	24.10.2016	05:07:00
10,53	15,53	11,75	12,65	25.10.2016	02:03:00
11,99	13,44	18,72	11,62	25.10.2016	06:01:00
11,42	18,52	10,94	13,13	26.10.2016	01:09:00
13,11	11,09	19,9	13,54	26.10.2016	09:00:00
12,14	12,99	12,8	15,11	01.11.2016	08:03:00
16,19	12,36	19,39	11,01	01.11.2016	08:12:00
17,34	12,39	16,15	15,62	02.11.2016	07:09:00
18,26	13,65	18,7	9,15	05.11.2016	08:07:00
13,22	18,03	11,65	9,53	08.11.2016	02:02:00
12,2	14,35	15,82	13,79	11.11.2016	05:11:00
10,3	14,81	17,96	19,07	12.11.2016	01:08:00
10,03	14,28	14,46	16,48	13.11.2016	03:10:00
14	12,83	12,81	14,5	13.11.2016	08:12:00
15,42	10,37	11,77	18,57	17.11.2016	07:06:00
15,98	13,48	10,44	13,73	19.11.2016	11:07:00
10,8	16,08	10,74	10,5	21.11.2016	05:08:00
10,61	15,59	18,72	11,95	22.11.2016	11:02:00
17,66	15,83	10,47	17,46	24.11.2016	01:02:00
15,3	13,83	18,95	11,79	28.11.2016	09:02:00
10,77	18,07	16,65	11,24	29.11.2016	12:04:00
15,81	14,72	12,26	19,34	30.11.2016	03:02:00
-2,23	7,2	-2,09	-3,23	09.12.2016	03:02:00
-0,64	-3,46	-5,76	-2,05	11.12.2016	00:12:00
-4,66	7,8	7,27	0	12.12.2016	07:11:00
5,58	-4,47	0,7	-6,74	16.12.2016	01:00:00
3,23	3,29	-3,33	-7,14	18.12.2016	09:02:00
-1,46	-7,76	0,16	3,83	23.12.2016	04:04:00
-7,3	-4,86	-6,38	8,1	24.12.2016	07:06:00
-2,37	4,95	-7,17	2,26	27.12.2016	01:04:00
-6,44	6,45	3,14	-6,82	28.12.2016	01:03:00

